0.03037	0.03591	0.82547	0.05325	0.02433	0.03066
0.82322	0.04143	0.03328	0.04484	0.02848	0.02875
0.42083	0.22212	0.05564	0.06628	0.07234	0.16280
0.04676	0.05583	0.05640	0.74415	0.03506	0.06180
0.80172	0.05747	0.03179	0.04082	0.03266	0.03555
0.50115	0.09805	0.07174	0.10298	0.07847	0.14761
0.57333	0.20103	0.04455	0.05479	0.05842	0.06788
0.11911	0.09454	0.13587	0.45233	0.07361	0.12454
0.51768	0.12703	0.06111	0.14329	0.06881	0.08207
0.30099	0.19926	0.17819	0.16255	0.07474	0.08428
0.02665	0.02242	0.03081	0.87090	0.01805	0.03118
0.19253	0.08967	0.08887	0.12900	0.42359	0.07634
0.15321	0.10157	0.12264	0.17256	0.14622	0.30380
0.17561	0.32708	0.12392	0.20072	0.08207	0.09059
0.37684	0.11552	0.08075	0.15890	0.16244	0.10555
0.14584	0.16681	0.26715	0.12480	0.13151	0.16389
0.11048	0.05621	0.05826	0.06190	0.65457	0.05858
0.04356	0.84464	0.02646	0.01987	0.03377	0.03170
0.06566	0.05945	0.42728	0.31968	0.05283	0.07511
0.27170	0.09504	0.05708	0.08279	0.07366	0.41972
0.07196	0.05485	0.03285	0.06182	0.05320	0.72533
0.15807	0.53869	0.06940	0.06730	0.08615	0.08039
0.11330	0.11546	0.25017	0.13931	0.18838	0.19339
0.05134	0.03779	0.07206	0.76460	0.03184	0.04237
0.45605	0.23224	0.06516	0.09976	0.07342	0.07338
0.25337	0.08939	0.10210	0.25717	0.07554	0.22243
0.09253	0.39871	0.06785	0.28495	0.06828	0.08768
0.06806	0.05436	0.08231	0.63026	0.09688	0.06812
0.04274	0.04413	0.03500	0.81157	0.02927	0.03729
0.09589	0.12091	0.29427	0.22542	0.14266	0.12086
0.06580	0.06808	0.11290	0.58472	0.09751	0.07099
0.04707	0.04133	0.74984	0.08853	0.03222	0.04100
0.14144	0.07577	0.07068	0.07173	0.07924	0.56115
0.03019	0.02961	0.84675	0.03959	0.02455	0.02931
0.07284	0.04737	0.05171	0.05141	0.72566	0.05101
0.04849	0.03701	0.06967	0.76028	0.03378	0.05077
0.08171	0.11077	0.07440	0.49207	0.06457	0.17648
0.15261	0.26150	0.15812	0.20040	0.12625	0.10111
0.10632	0.08892	0.22254	0.24013	0.10953	0.23255
0.69203	0.05769	0.04647	0.07365	0.05961	0.07055
0.03395	0.86596	0.01879	0.01848	0.03178	0.03104
0.05016	0.04631	0.05149	0.76803	0.03324	0.05077
0.05906	0.04810	0.73809	0.06635	0.03741	0.05100
0.02319	0.02407	0.87218	0.03777	0.01922	0.02357
0.15440	0.10031	0.25322	0.20573	0.09106	0.19529
0.14238	0.06107	0.06125	0.06848	0.59572	0.07110
0.10636	0.06129	0.58842	0.12220	0.05280	0.06892
0.11086	0.10558	0.16112	0.47005	0.07042	0.08197
0.14249	0.11925	0.09063	0.18238	0.18330	0.28196
0.08785	0.06167	0.27172	0.45251	0.05637	0.06989
0.08249	0.06678	0.10510	0.06775	0.61419	0.06369
0.30366	0.13096	0.18654	0.18316	0.10177	0.09392
0.08182	0.09316	0.06069	0.07540	0.08716	0.60177
0.08618	0.20896	0.28702	0.27029	0.06638	0.08116
0.11873	0.07125	0.05851	0.06312	0.06937	0.61903
0.06047	0.05968	0.04625	0.05253	0.06219	0.71888
0.16093	0.31947	0.08236	0.10140	0.11096	0.22488
0.16362	0.39531	0.08471	0.07686	0.19617	0.08333
0.16700	0.19949	0.07246	0.08924	0.10627	0.36553
0.06638	0.07508	0.05940	0.06122	0.68648	0.05144
0.12702	0.16171	0.17418	0.10274	0.14297	0.29138
0.08622	0.08184	0.51351	0.15593	0.07213	0.09038
0.11723	0.09067	0.07248	0.13772	0.07547	0.50642
0.44808	0.09033	0.06128	0.07167	0.26657	0.06207
0.06302	0.74979	0.04577	0.03361	0.04936	0.05845
0.07984	0.12053	0.60215	0.08305	0.05137	0.06307
0.08997	0.05336	0.05720	0.66954	0.05162	0.07831
0.06881	0.06124	0.11870	0.06176	0.05805	0.63144
0.14361	0.14517	0.11791	0.11295	0.12483	0.35553
0.08970	0.09929	0.11703	0.49062	0.06551	0.13785
0.13300	0.19220	0.11246	0.12954	0.12340	0.30940
0.09842	0.61722	0.07172	0.06862	0.07196	0.07206
0.14586	0.08672	0.09774	0.43837	0.07888	0.15243
0.54197	0.21712	0.04985	0.05907	0.06632	0.06567
0.11388	0.64634	0.04483	0.04937	0.08921	0.05638
0.03793	0.04152	0.79812	0.05624	0.02823	0.03796
0.03579	0.03568	0.03493	0.82912	0.02482	0.03967
0.08945	0.10465	0.24866	0.37191	0.06488	0.12045
0.05669	0.04980	0.73897	0.07337	0.03592	0.04526
0.24605	0.12351	0.23810	0.14213	0.11948	0.13072
0.09063	0.10636	0.06596	0.07465	0.55221	0.11019
0.09523	0.10096	0.09375	0.40703	0.21417	0.08885
0.59903	0.06366	0.05606	0.10760	0.11338	0.06026
0.06950	0.06642	0.39987	0.33483	0.05329	0.07609
0.18291	0.07154	0.08051	0.08466	0.49207	0.08831
0.11687	0.15677	0.18142	0.33220	0.09416	0.11858
0.17494	0.33213	0.09998	0.10223	0.10410	0.18663
0.15970	0.12803	0.12141	0.12224	0.21360	0.25501
0.09840	0.42433	0.18394	0.10676	0.08494	0.10163
0.15175	0.27318	0.15956	0.10315	0.17849	0.13386
0.09613	0.14858	0.18396	0.39904	0.07588	0.09642
0.26171	0.14564	0.30072	0.09456	0.07986	0.11751
0.30938	0.12977	0.08307	0.16699	0.08517	0.22562
0.05316	0.04599	0.05125	0.04763	0.75579	0.04618
0.16110	0.07035	0.10313	0.45156	0.12787	0.08598
0.21678	0.20593	0.11152	0.19893	0.10568	0.16117
0.14037	0.17526	0.12495	0.11662	0.09418	0.34862
0.09563	0.11678	0.10684	0.51934	0.06193	0.09949
0.43376	0.08907	0.07073	0.08107	0.08708	0.23830
0.15211	0.18934	0.19094	0.26426	0.10308	0.10027
0.60081	0.06364	0.05600	0.07701	0.13964	0.06289
0.03171	0.02419	0.03888	0.84806	0.02077	0.03640
0.13663	0.10758	0.23813	0.12904	0.16936	0.21926
0.06232	0.07145	0.09842	0.06487	0.61408	0.08886
0.04905	0.05188	0.68881	0.11523	0.03727	0.05777
0.47024	0.26224	0.06154	0.06570	0.07414	0.06614
0.05919	0.04706	0.04690	0.05254	0.04769	0.74663
0.08439	0.06447	0.53144	0.17910	0.06101	0.07959
0.07639	0.67188	0.04555	0.04159	0.07376	0.09083
0.84691	0.03102	0.02534	0.02943	0.04219	0.02511
0.07017	0.06536	0.25960	0.07680	0.46078	0.06729
0.04828	0.03970	0.08974	0.74323	0.03288	0.04617
0.10848	0.43480	0.07656	0.11380	0.15596	0.11041
0.71157	0.10441	0.04344	0.04556	0.04329	0.05172
0.03735	0.02947	0.04796	0.82197	0.02706	0.03620
0.38852	0.19443	0.08844	0.14955	0.08305	0.09601
0.06077	0.06799	0.63787	0.09784	0.04606	0.08948
0.30397	0.09315	0.13421	0.10940	0.24938	0.10989
0.12697	0.07939	0.46659	0.13935	0.08435	0.10335
0.06123	0.06298	0.06006	0.70305	0.04479	0.06790
0.20171	0.19723	0.18655	0.16476	0.11134	0.13841
0.27692	0.18908	0.05631	0.07405	0.08920	0.31444
0.08782	0.08887	0.22649	0.42403	0.06662	0.10617
0.06485	0.06285	0.05540	0.69536	0.05325	0.06829
0.06570	0.04252	0.05556	0.74011	0.03544	0.06067
0.12342	0.10917	0.08372	0.11076	0.45856	0.11437
0.06937	0.76129	0.03816	0.03946	0.04630	0.04541
0.05377	0.06722	0.05532	0.04576	0.73443	0.04350
0.40459	0.20713	0.07966	0.15562	0.07335	0.07965
0.11769	0.17691	0.22430	0.28163	0.08544	0.11403
0.22200	0.26887	0.20296	0.08593	0.10408	0.11616
0.09162	0.05889	0.09258	0.61091	0.05340	0.09261
0.13338	0.17404	0.13461	0.12176	0.09281	0.34341
0.18863	0.26109	0.10228	0.08838	0.11163	0.24799
0.13293	0.18765	0.08646	0.21060	0.24049	0.14187
0.09443	0.07658	0.05575	0.07131	0.10561	0.59633
0.10540	0.11628	0.26235	0.21712	0.20017	0.09868
0.05335	0.04494	0.02697	0.03691	0.04577	0.79206
0.30010	0.09199	0.10621	0.27389	0.08722	0.14059
0.04341	0.84345	0.02218	0.01984	0.03604	0.03508
0.07211	0.07077	0.29669	0.43467	0.05297	0.07279
0.05157	0.78624	0.03959	0.02745	0.04998	0.04517
0.26728	0.17074	0.16405	0.17924	0.09953	0.11915
0.14858	0.13748	0.30441	0.12755	0.13021	0.15177
0.10690	0.14681	0.16488	0.34441	0.07863	0.15836
0.05169	0.04389	0.05343	0.05846	0.74867	0.04386
0.21352	0.41945	0.07106	0.06200	0.13638	0.09760
0.11207	0.15453	0.09622	0.25879	0.09662	0.28178
0.06422	0.05822	0.10855	0.62687	0.06068	0.08146
0.71174	0.05942	0.05049	0.07016	0.05002	0.05817
0.07253	0.09889	0.59991	0.08050	0.07429	0.07389
0.08920	0.08333	0.04952	0.06651	0.19475	0.51670
0.23121	0.30164	0.12918	0.11441	0.12425	0.09930
0.14876	0.06278	0.11843	0.52557	0.07191	0.07254
0.26021	0.12051	0.10294	0.31603	0.08068	0.11963
0.88494	0.02769	0.02031	0.02455	0.02079	0.02172
0.54735	0.09751	0.06033	0.13022	0.07967	0.08492
0.08675	0.11047	0.08754	0.08437	0.10177	0.52910
0.06668	0.07606	0.61488	0.11857	0.05145	0.07236
0.37135	0.08601	0.07564	0.09433	0.26847	0.10420
0.07055	0.05424	0.06151	0.10591	0.62695	0.08084
0.18759	0.09625	0.13826	0.37975	0.08007	0.11809
0.10868	0.08971	0.09684	0.42887	0.06765	0.20825
0.41872	0.15053	0.08847	0.09697	0.15513	0.09018
0.16587	0.09555	0.09475	0.21798	0.34535	0.08050
0.07697	0.07155	0.50290	0.22262	0.05238	0.07358
0.10579	0.08910	0.09994	0.46270	0.08567	0.15680
0.10041	0.04972	0.03505	0.04730	0.04695	0.72056
0.10307	0.13810	0.07290	0.09322	0.52215	0.07057
0.07914	0.77207	0.03196	0.02856	0.04461	0.04365
0.20752	0.18996	0.10934	0.20437	0.11789	0.17092
0.08814	0.08312	0.09033	0.09703	0.09348	0.54789
0.10319	0.05916	0.08760	0.64737	0.04525	0.05743
0.07193	0.06140	0.08622	0.66152	0.05077	0.06815
0.18387	0.11013	0.14673	0.14355	0.28765	0.12807
0.04457	0.03840	0.03715	0.80810	0.02614	0.04564
0.10264	0.08890	0.07533	0.07870	0.08101	0.57342
0.11683	0.10566	0.22144	0.38606	0.08012	0.08989
0.11834	0.08344	0.13026	0.49876	0.06367	0.10554
0.05231	0.05351	0.03448	0.04395	0.04782	0.76794
0.07823	0.12761	0.56733	0.09345	0.06090	0.07249
0.06857	0.07839	0.16123	0.55543	0.06110	0.07529
0.07433	0.71273	0.06556	0.04349	0.05217	0.05171
0.06285	0.04630	0.03052	0.04481	0.04943	0.76608
0.13950	0.39321	0.05843	0.06887	0.09069	0.24930
0.04527	0.03668	0.05724	0.04199	0.78235	0.03648
0.19161	0.28644	0.11951	0.09749	0.16589	0.13906
0.07958	0.63775	0.10057	0.05230	0.06404	0.06576
0.08984	0.07728	0.12236	0.45154	0.13831	0.12067
0.80108	0.04930	0.03171	0.04964	0.03389	0.03438
0.30161	0.19499	0.09994	0.22973	0.08142	0.09230
0.07928	0.09344	0.47339	0.22418	0.05531	0.07441
0.20243	0.12452	0.08001	0.08899	0.18580	0.31825
0.09696	0.09367	0.40997	0.10362	0.13567	0.16011
0.05368	0.08104	0.68709	0.07484	0.04843	0.05491
0.23512	0.08833	0.25882	0.13540	0.07405	0.20827
0.15711	0.09487	0.32855	0.21950	0.10422	0.09574
0.71229	0.07664	0.05812	0.05016	0.05475	0.04803
0.13244	0.12704	0.17201	0.21841	0.23876	0.11133
0.09879	0.08502	0.09609	0.55977	0.05801	0.10232
0.06793	0.07300	0.04756	0.06843	0.07812	0.66497
0.29295	0.09597	0.12398	0.11710	0.24733	0.12267
0.21197	0.10947	0.17801	0.26000	0.08214	0.15841
0.10730	0.08574	0.11821	0.08094	0.50894	0.09887
0.37206	0.21543	0.08476	0.11483	0.12302	0.08989
0.18299	0.21624	0.21752	0.10509	0.08520	0.19296
0.05385	0.05226	0.07362	0.71780	0.04140	0.06107
0.06576	0.06304	0.03756	0.05270	0.05287	0.72807
0.09285	0.12385	0.12682	0.37711	0.07993	0.19944
0.11784	0.22086	0.13066	0.11125	0.21151	0.20790
0.03803	0.03455	0.02428	0.03327	0.03274	0.83713
0.14538	0.10079	0.09230	0.07347	0.49880	0.08926
0.67460	0.07551	0.05309	0.06639	0.06028	0.07013
0.18624	0.42831	0.13207	0.07669	0.09136	0.08534
0.11833	0.11257	0.11759	0.29496	0.11678	0.23976
0.18225	0.07398	0.15448	0.40380	0.06583	0.11966
0.03810	0.84647	0.02346	0.02644	0.03418	0.03134
0.06352	0.72550	0.04450	0.03686	0.05042	0.07919
0.12968	0.52867	0.06121	0.09301	0.07992	0.10751
0.07796	0.06567	0.07340	0.12827	0.58949	0.06520
0.12326	0.10093	0.19761	0.20406	0.15932	0.21483
0.10349	0.11406	0.08248	0.10573	0.48068	0.11356
0.17142	0.21814	0.21382	0.12951	0.15037	0.11674
0.02812	0.88468	0.01722	0.01514	0.02800	0.02684
0.25395	0.12296	0.14014	0.31236	0.08514	0.08545
0.17407	0.08220	0.07512	0.08492	0.49384	0.08984
0.02908	0.02234	0.03417	0.86633	0.01820	0.02988
0.28311	0.14743	0.11356	0.18533	0.14570	0.12487
0.16545	0.14153	0.09640	0.09535	0.40774	0.09353
0.06988	0.06339	0.07661	0.08737	0.64180	0.06095
0.10929	0.14224	0.07151	0.17044	0.09404	0.41248
0.07374	0.07703	0.06526	0.06967	0.52277	0.19153
0.24645	0.13141	0.15906	0.15602	0.08787	0.21919
0.13251	0.13690	0.13489	0.18657	0.27143	0.13770
0.09751	0.05905	0.08402	0.06642	0.61092	0.08208
0.12540	0.08039	0.08771	0.08986	0.38601	0.23064
0.07923	0.08005	0.12829	0.10123	0.09798	0.51321
0.28447	0.23719	0.11000	0.12900	0.13890	0.10043
0.09951	0.10139	0.14687	0.29237	0.08302	0.27683
0.05103	0.75907	0.03836	0.05348	0.04942	0.04863
0.10607	0.08881	0.08101	0.20267	0.07958	0.44186
0.07957	0.07424	0.18271	0.08386	0.07815	0.50147
0.06477	0.16680	0.59227	0.06498	0.05132	0.05987
0.09658	0.08274	0.49636	0.17452	0.06307	0.08673
0.10937	0.50629	0.13233	0.09646	0.07256	0.08301
0.25905	0.11746	0.13110	0.21786	0.14037	0.13416
0.89180	0.02682	0.01909	0.02348	0.01995	0.01887
0.09809	0.10146	0.20350	0.35972	0.09156	0.14567
0.09004	0.09496	0.08796	0.41362	0.06829	0.24513
0.14803	0.07271	0.45818	0.17413	0.06248	0.08448
0.27663	0.10463	0.23221	0.16181	0.10346	0.12125
0.07848	0.07631	0.07008	0.08140	0.56508	0.12864
0.07560	0.06983	0.06774	0.57470	0.11617	0.09596
0.05558	0.06627	0.08593	0.69843	0.03836	0.05543
0.05110	0.05221	0.71299	0.07710	0.04074	0.06586
0.07386	0.06163	0.04417	0.06265	0.13152	0.62618
0.05182	0.78817	0.04377	0.03032	0.04437	0.04154
0.11554	0.16475	0.09552	0.10547	0.08488	0.43383
0.14668	0.11302	0.09790	0.08276	0.09270	0.46693
0.02469	0.02277	0.02717	0.88344	0.01612	0.02581
0.52790	0.07557	0.10967	0.16466	0.05498	0.06722
0.13074	0.35865	0.08940	0.12233	0.10768	0.19119
0.08214	0.07279	0.06551	0.08317	0.19224	0.50416
0.04827	0.04517	0.04215	0.04345	0.04241	0.77855
0.30131	0.23731	0.08696	0.13723	0.11158	0.12561
0.13713	0.30628	0.08744	0.09724	0.11240	0.25952
0.21117	0.06070	0.53743	0.08352	0.04954	0.05765
0.06492	0.67634	0.08467	0.04950	0.06107	0.06350
0.48285	0.11543	0.07979	0.11437	0.09305	0.11450
0.24387	0.18054	0.15104	0.13870	0.15288	0.13297
0.05483	0.77426	0.02906	0.02936	0.06608	0.04641
0.16712	0.15503	0.11402	0.11852	0.10357	0.34174
0.17970	0.15222	0.10310	0.13067	0.14696	0.28736
0.10817	0.09197	0.15138	0.15776	0.39905	0.09167
0.18871	0.28947	0.15588	0.13118	0.10652	0.12825
0.09463	0.28001	0.35508	0.08821	0.07192	0.11014
0.12297	0.07532	0.07564	0.45665	0.06190	0.20752
0.05060	0.04723	0.04725	0.04180	0.77070	0.04242
0.24338	0.21984	0.10988	0.21257	0.09382	0.12051
0.05010	0.03914	0.04144	0.04638	0.78728	0.03566
0.02144	0.01729	0.02436	0.90055	0.01386	0.02250
0.07186	0.07328	0.06166	0.60244	0.06179	0.12898
0.09846	0.50687	0.17833	0.07219	0.06850	0.07564
0.18781	0.12998	0.23473	0.18918	0.09911	0.15919
0.16074	0.25734	0.24356	0.11136	0.09516	0.13184
0.10634	0.09232	0.08876	0.09841	0.07674	0.53742
0.11921	0.40071	0.12996	0.07391	0.10993	0.16627
0.11042	0.26516	0.12632	0.25735	0.11019	0.13057
0.14237	0.07994	0.08174	0.11925	0.09092	0.48577
0.07177	0.05314	0.04322	0.04806	0.05005	0.73377
0.09811	0.11354	0.38079	0.11852	0.19965	0.08939
0.05564	0.05096	0.05911	0.08022	0.70065	0.05343
0.16562	0.35872	0.16897	0.12844	0.08728	0.09098
0.14091	0.55027	0.05758	0.07734	0.08409	0.08981
0.03327	0.02787	0.03591	0.03091	0.84423	0.02780
0.07433	0.09177	0.04528	0.06599	0.06540	0.65723
0.25797	0.14557	0.34934	0.09979	0.07133	0.07600
0.03602	0.04965	0.79676	0.05193	0.02961	0.03602
0.14976	0.23122	0.20757	0.19273	0.09545	0.12328
0.07002	0.06399	0.19438	0.54534	0.04848	0.07780
0.12768	0.10221	0.16817	0.22002	0.09336	0.28856
0.10876	0.06580	0.07551	0.42068	0.25871	0.07054
0.07183	0.14022	0.54207	0.12033	0.05549	0.07006
0.10049	0.09934	0.09679	0.57846	0.05368	0.07124
0.09935	0.04762	0.05082	0.04933	0.69974	0.05313
0.10013	0.12482	0.30860	0.32156	0.06387	0.08102
0.03691	0.86821	0.01914	0.01741	0.03094	0.02739
0.07193	0.05437	0.03899	0.06367	0.06426	0.70678
0.07803	0.07632	0.17420	0.09903	0.48013	0.09229
0.18885	0.15801	0.07304	0.32525	0.08731	0.16754
0.13828	0.09589	0.18797	0.36046	0.09155	0.12586
0.06465	0.08051	0.06643	0.06004	0.66319	0.06518
0.15659	0.21199	0.22017	0.15610	0.12359	0.13156
0.41488	0.11765	0.07169	0.13708	0.10105	0.15765
0.16378	0.11422	0.18047	0.39905	0.06178	0.08070
0.02982	0.02823	0.84574	0.04486	0.02327	0.02808
0.02827	0.02415	0.03056	0.02698	0.86611	0.02393
0.23487	0.37312	0.07651	0.07834	0.13628	0.10088
0.05588	0.04763	0.03189	0.05128	0.04534	0.76797
0.14456	0.07813	0.16462	0.41484	0.10119	0.09666
0.16010	0.13828	0.06282	0.09292	0.16114	0.38474
0.09192	0.07143	0.08963	0.11383	0.53336	0.09983
0.27310	0.10251	0.12119	0.35859	0.06304	0.08158
0.15826	0.31685	0.09063	0.10923	0.10365	0.22138
0.19205	0.33074	0.13946	0.08605	0.09845	0.15326
0.11976	0.34233	0.09166	0.14688	0.09590	0.20347
0.18155	0.17132	0.15002	0.21525	0.14865	0.13321
0.07132	0.06081	0.64131	0.07830	0.05768	0.09059
0.08140	0.09917	0.51186	0.12026	0.07946	0.10786
0.86127	0.03011	0.02493	0.02984	0.02965	0.02421
0.08328	0.73855	0.03218	0.03292	0.06630	0.04676
0.14507	0.53596	0.06277	0.07451	0.07960	0.10209
0.19002	0.15388	0.12189	0.12596	0.16674	0.24150
0.07715	0.59114	0.04718	0.05198	0.16388	0.06867
0.04560	0.04138	0.02147	0.03412	0.03495	0.82248
0.17032	0.06566	0.05369	0.06271	0.07255	0.57507
0.12174	0.08365	0.21740	0.32013	0.06463	0.19245
0.11501	0.41897	0.09170	0.12005	0.09955	0.15472
0.06056	0.05801	0.06259	0.05656	0.69485	0.06743
0.17432	0.15254	0.29649	0.15329	0.09471	0.12865
0.10716	0.17716	0.21554	0.25042	0.13103	0.11870
0.03561	0.03815	0.03949	0.81949	0.02447	0.04280
0.05487	0.04414	0.02970	0.05305	0.04036	0.77788
0.12729	0.10738	0.29950	0.11013	0.09096	0.26474
0.22949	0.29128	0.11770	0.11084	0.10665	0.14404
0.10742	0.09234	0.09603	0.14166	0.10445	0.45809
0.08617	0.08384	0.31577	0.23278	0.15992	0.12152
0.63975	0.13633	0.04806	0.05528	0.06506	0.05551
0.06104	0.05309	0.19198	0.57385	0.04472	0.07531
0.11698	0.08630	0.25953	0.36619	0.07616	0.09483
0.03081	0.02529	0.02866	0.85511	0.02256	0.03757
0.40811	0.14514	0.13440	0.14654	0.07928	0.08654
0.08333	0.06125	0.06811	0.05566	0.67736	0.05429
0.08048	0.05928	0.09951	0.64734	0.04324	0.07016
0.11816	0.10404	0.11461	0.11274	0.09068	0.45977
0.26522	0.09538	0.10353	0.14796	0.08759	0.30032
0.14187	0.57329	0.05516	0.05084	0.08080	0.09804
0.10081	0.06004	0.63323	0.10766	0.04613	0.05213
0.13295	0.13558	0.17403	0.27294	0.18010	0.10440
0.19996	0.12911	0.18024	0.23686	0.10220	0.15163
0.17099	0.07629	0.09982	0.19929	0.37383	0.07979
0.09088	0.67746	0.05912	0.04407	0.06136	0.06711
0.20743	0.38452	0.08253	0.07784	0.10134	0.14633
0.08075	0.64055	0.08648	0.06249	0.06561	0.06412
0.06885	0.06718	0.10200	0.65457	0.04890	0.05850
0.02304	0.01715	0.02513	0.89604	0.01450	0.02414
0.11192	0.09399	0.18325	0.31277	0.10978	0.18828
0.06443	0.05388	0.65578	0.13160	0.04226	0.05206
0.16737	0.29855	0.11338	0.11205	0.13748	0.17117
0.13199	0.09514	0.09025	0.09690	0.19561	0.39010
0.07491	0.07538	0.50580	0.20981	0.05471	0.07939
0.30301	0.19307	0.09811	0.13227	0.11169	0.16184
0.10421	0.69570	0.03534	0.03694	0.05812	0.06970
0.10322	0.08216	0.49078	0.16204	0.05763	0.10417
0.25603	0.13105	0.09250	0.14845	0.26453	0.10744
0.25985	0.22892	0.09098	0.18049	0.10774	0.13202
0.07484	0.08691	0.07681	0.65143	0.04480	0.06522
0.02051	0.91652	0.01176	0.01125	0.02057	0.01939
0.05868	0.75024	0.05026	0.04435	0.04640	0.05008
0.14237	0.07022	0.06524	0.07397	0.08245	0.56575
0.08226	0.06577	0.04461	0.07370	0.06149	0.67218
0.07979	0.08306	0.41383	0.29690	0.05765	0.06877
0.12590	0.07783	0.11403	0.07436	0.06701	0.54088
0.11398	0.68893	0.03903	0.04244	0.05244	0.06318
0.07944	0.06221	0.07144	0.59433	0.07880	0.11378
0.04756	0.04016	0.77477	0.06301	0.03242	0.04208
0.03718	0.02432	0.03016	0.84916	0.02076	0.03842
0.10290	0.07109	0.05752	0.17302	0.06553	0.52993
0.12940	0.36858	0.06682	0.23547	0.09144	0.10829
0.08172	0.10598	0.09627	0.08142	0.51149	0.12312
0.14663	0.13556	0.36413	0.08954	0.07365	0.19049
0.06126	0.04031	0.04638	0.05072	0.75849	0.04283
0.07420	0.06530	0.12291	0.59032	0.05520	0.09207
0.03681	0.03293	0.06361	0.79946	0.02819	0.03900
0.11359	0.11786	0.16154	0.40386	0.08884	0.11432
0.31326	0.36050	0.06155	0.06785	0.08696	0.10988
0.11583	0.08762	0.08260	0.08366	0.34489	0.28541
0.06659	0.06919	0.07883	0.07542	0.06434	0.64564
0.10834	0.28116	0.18452	0.22759	0.08229	0.11610
0.13966	0.10732	0.09162	0.52513	0.05871	0.07755
0.02292	0.90755	0.01385	0.01233	0.02285	0.02050
0.06686	0.09429	0.62719	0.08930	0.06194	0.06042
0.10793	0.19860	0.08086	0.45810	0.06917	0.08535
0.11512	0.26708	0.08199	0.31907	0.08709	0.12964
0.07274	0.09129	0.28942	0.41407	0.05496	0.07751
0.04766	0.05455	0.05972	0.04477	0.75429	0.03902
0.05577	0.02931	0.04688	0.80663	0.02517	0.03624
0.09986	0.08536	0.12625	0.32268	0.10002	0.26584
0.11216	0.15556	0.36177	0.19516	0.07820	0.09716
0.19501	0.31233	0.09292	0.17607	0.11034	0.11333
0.09558	0.58557	0.09901	0.06574	0.06750	0.08660
0.13844	0.42757	0.05856	0.05930	0.24426	0.07187
0.07119	0.06824	0.06391	0.09583	0.06229	0.63854
0.09947	0.14461	0.22994	0.27628	0.07343	0.17626
0.04933	0.04079	0.04420	0.04888	0.77764	0.03916
0.11169	0.10570	0.24971	0.34659	0.09250	0.09381
0.17800	0.12676	0.12206	0.14263	0.33611	0.09445
0.07955	0.06989	0.29742	0.38260	0.06128	0.10926
0.21054	0.33911	0.14241	0.08786	0.11549	0.10458
0.10906	0.09907	0.09315	0.13275	0.45488	0.11109
0.04745	0.04386	0.04402	0.74790	0.03349	0.08328
0.05336	0.04250	0.02281	0.03430	0.03876	0.80826
0.21726	0.16521	0.15076	0.27420	0.08153	0.11103
0.14982	0.18692	0.16545	0.13434	0.25467	0.10881
0.12876	0.43344	0.07740	0.14711	0.09314	0.12015
0.07784	0.11973	0.49338	0.15431	0.06017	0.09457
0.03026	0.02567	0.03104	0.02811	0.85867	0.02625
0.47311	0.08283	0.09284	0.16915	0.09636	0.08572
0.07375	0.08060	0.48816	0.20398	0.06243	0.09108
0.08536	0.06133	0.34424	0.39005	0.05195	0.06707
0.38945	0.08457	0.09702	0.16942	0.14374	0.11581
0.09822	0.10365	0.22464	0.41905	0.07144	0.08301
0.09368	0.12098	0.50985	0.15041	0.05727	0.06781
0.16634	0.42663	0.07811	0.08990	0.13105	0.10796
0.22818	0.25753	0.09336	0.12724	0.17411	0.11957
0.08062	0.06754	0.13007	0.55292	0.08853	0.08031
0.40571	0.10792	0.17348	0.12389	0.08520	0.10381
0.11168	0.10959	0.16204	0.40066	0.09976	0.11628
0.08504	0.06845	0.08453	0.24299	0.43893	0.08007
0.12093	0.28309	0.11528	0.23278	0.08711	0.16082
0.14504	0.51431	0.08727	0.08660	0.08398	0.08280
0.23055	0.18438	0.08341	0.27035	0.08218	0.14913
0.05912	0.70805	0.04273	0.06825	0.05969	0.06217
0.15159	0.14877	0.13717	0.33691	0.09307	0.13247
0.15151	0.35932	0.10211	0.09329	0.08416	0.20962
0.20471	0.22599	0.09821	0.14972	0.08812	0.23326
0.08620	0.09098	0.52903	0.10978	0.09890	0.08510
0.12965	0.13970	0.12825	0.35203	0.12805	0.12232
0.66846	0.12077	0.04818	0.06406	0.04883	0.04971
0.10280	0.10488	0.15143	0.08137	0.45122	0.10830
0.07523	0.06666	0.62360	0.06943	0.05609	0.10898
0.10323	0.09612	0.08205	0.07782	0.43554	0.20524
0.03372	0.02919	0.06699	0.81071	0.02336	0.03603
0.11906	0.11589	0.37583	0.20898	0.07401	0.10623
0.58719	0.11320	0.05392	0.06058	0.13012	0.05500
0.27417	0.18995	0.15494	0.10743	0.12509	0.14843
0.72213	0.06222	0.03966	0.09029	0.04205	0.04365
0.59742	0.21602	0.04030	0.04716	0.04943	0.04967
0.16499	0.09266	0.07790	0.09168	0.39841	0.17437
0.07177	0.77808	0.02997	0.02735	0.04726	0.04555
0.14057	0.50055	0.08500	0.06922	0.10117	0.10349
0.07997	0.09353	0.19983	0.09887	0.42722	0.10060
0.63417	0.11120	0.04826	0.10189	0.04854	0.05594
0.16071	0.09105	0.14567	0.20195	0.20673	0.19387
0.02206	0.01982	0.02411	0.89549	0.01478	0.02374
0.23783	0.10935	0.13333	0.17348	0.24203	0.10400
0.10506	0.12969	0.11428	0.23027	0.12063	0.30007
0.14172	0.48114	0.09729	0.08946	0.10122	0.08916
0.11512	0.10652	0.47149	0.12881	0.08619	0.09186
0.13063	0.08253	0.05733	0.09011	0.11789	0.52152
0.20907	0.09201	0.06001	0.07874	0.07988	0.48029
0.53376	0.08241	0.06160	0.06548	0.08984	0.16690
0.16682	0.08131	0.08248	0.10388	0.49573	0.06978
0.34272	0.10438	0.14575	0.12315	0.09156	0.19244
0.43697	0.13773	0.07203	0.07011	0.07435	0.20882
0.11936	0.48755	0.07034	0.07760	0.08007	0.16507
0.43038	0.14632	0.06902	0.10612	0.07964	0.16852
0.12780	0.07933	0.07017	0.08105	0.16724	0.47441
0.20303	0.12625	0.10081	0.31249	0.14591	0.11152
0.03905	0.03366	0.03910	0.03782	0.81872	0.03164
0.58867	0.06435	0.05888	0.06959	0.15729	0.06122
0.09530	0.07444	0.07521	0.58851	0.06440	0.10213
0.15387	0.49613	0.07666	0.06394	0.09441	0.11500
0.08267	0.71620	0.03144	0.03482	0.05437	0.08049
0.07362	0.06014	0.10748	0.64062	0.05223	0.06592
0.30003	0.09518	0.08078	0.13405	0.09418	0.29577
0.71856	0.06458	0.04874	0.06763	0.05058	0.04991
0.22653	0.24904	0.20658	0.10647	0.10204	0.10935
0.09954	0.06666	0.07575	0.64877	0.04742	0.06186
0.11402	0.14001	0.07008	0.10064	0.14188	0.43337
0.10789	0.09887	0.22054	0.14715	0.08859	0.33696
0.11177	0.18068	0.16803	0.13262	0.13517	0.27174
0.47995	0.14955	0.06494	0.11885	0.09939	0.08732
0.02775	0.02519	0.86557	0.03527	0.02015	0.02608
0.24241	0.14304	0.11747	0.29044	0.08324	0.12339
0.03262	0.02921	0.03530	0.03320	0.83710	0.03256
0.19365	0.29899	0.09148	0.20589	0.09439	0.11560
0.46168	0.13412	0.09261	0.10697	0.08821	0.11641
0.19610	0.21968	0.09875	0.24667	0.11083	0.12797
0.02153	0.02184	0.88448	0.03260	0.01722	0.02233
0.09244	0.07670	0.11470	0.23377	0.40469	0.07770
0.41315	0.10474	0.06687	0.08354	0.09945	0.23225
0.07289	0.06634	0.35833	0.35299	0.05540	0.09405
0.41581	0.17198	0.12634	0.09369	0.11215	0.08003
0.14455	0.12799	0.06870	0.46882	0.06255	0.12740
0.09072	0.10513	0.40747	0.19662	0.08060	0.11946
0.25133	0.10274	0.07054	0.09836	0.10733	0.36971
0.15336	0.08945	0.50714	0.12322	0.05779	0.06904
0.09975	0.05936	0.18066	0.51369	0.06658	0.07996
0.07651	0.08535	0.04964	0.07111	0.09564	0.62175
0.30695	0.13072	0.10718	0.13414	0.13638	0.18463
0.10409	0.48662	0.11957	0.10016	0.07727	0.11229
0.09324	0.07989	0.48917	0.14794	0.07826	0.11151
0.05123	0.06730	0.65565	0.13188	0.04183	0.05211
0.63712	0.19344	0.03663	0.04293	0.04547	0.04442
0.32372	0.10640	0.06159	0.10374	0.09076	0.31380
0.06546	0.06385	0.06120	0.04915	0.70492	0.05542
0.10473	0.08545	0.30682	0.34772	0.06841	0.08687
0.48767	0.12723	0.08891	0.08646	0.12394	0.08578
0.07958	0.07898	0.10320	0.55505	0.06057	0.12262
0.39353	0.17579	0.09766	0.08286	0.09485	0.15530
0.29312	0.24170	0.07735	0.07936	0.09935	0.20912
0.08061	0.10622	0.19835	0.07864	0.44176	0.09442
0.39151	0.08562	0.08988	0.10512	0.12377	0.20409
0.32342	0.07998	0.10948	0.34459	0.06833	0.07420
0.09860	0.13614	0.14327	0.39738	0.10195	0.12265
0.08673	0.08144	0.44460	0.16571	0.08690	0.13463
0.11913	0.08611	0.15226	0.22525	0.08691	0.33035
0.16677	0.06574	0.06586	0.07530	0.56612	0.06020
0.11077	0.13962	0.06338	0.08566	0.11454	0.48603
0.13277	0.50844	0.05558	0.05583	0.08433	0.16304
0.10197	0.09533	0.05525	0.10476	0.06907	0.57362
0.05856	0.06798	0.65992	0.10630	0.04677	0.06047
0.12066	0.10276	0.07580	0.52799	0.06373	0.10906
0.16150	0.10347	0.06004	0.12733	0.08362	0.46406
0.09327	0.08035	0.08512	0.11708	0.52940	0.09479
0.09238	0.07396	0.05810	0.67015	0.04511	0.06031
0.17364	0.10699	0.08388	0.11197	0.12186	0.40167
0.09212	0.11150	0.20397	0.11147	0.09733	0.38362
0.10567	0.66377	0.05130	0.05020	0.05826	0.07080
0.04170	0.03412	0.02094	0.03473	0.03420	0.83429
0.11393	0.10769	0.27981	0.16361	0.07447	0.26049
0.08469	0.08826	0.07272	0.62912	0.04714	0.07807
0.21317	0.14062	0.12735	0.20611	0.11822	0.19454
0.08940	0.13735	0.33570	0.25473	0.09251	0.09031
0.11213	0.06153	0.05866	0.06195	0.59351	0.11222
0.24406	0.14474	0.09955	0.25667	0.15759	0.09740
0.06897	0.04176	0.05457	0.04575	0.74799	0.04096
0.14591	0.18667	0.08304	0.21632	0.09339	0.27467
0.03579	0.03100	0.01848	0.02791	0.03419	0.85263
0.08668	0.17551	0.07646	0.07220	0.48872	0.10043
0.22180	0.09466	0.10074	0.10229	0.08838	0.39214
0.11546	0.11736	0.27212	0.12975	0.17939	0.18593
0.20312	0.08463	0.08209	0.09447	0.09702	0.43867
0.15360	0.10511	0.09783	0.22721	0.11061	0.30564
0.25604	0.47668	0.05107	0.06095	0.08061	0.07465
0.06535	0.13184	0.63479	0.05989	0.04768	0.06043
0.25407	0.14036	0.13673	0.18203	0.11145	0.17536
0.16706	0.15982	0.22502	0.16092	0.10940	0.17778
0.08380	0.09645	0.22025	0.43264	0.06104	0.10583
0.11587	0.07968	0.07592	0.11012	0.53626	0.08214
0.05861	0.04136	0.02439	0.04313	0.04003	0.79247
0.09378	0.64698	0.05811	0.05429	0.07444	0.07241
0.41873	0.21848	0.08405	0.07785	0.09092	0.10998
0.13249	0.06644	0.03965	0.05733	0.06478	0.63931
0.03483	0.04477	0.79055	0.06486	0.02881	0.03619
0.10033	0.07348	0.06960	0.08621	0.60523	0.06515
0.09387	0.08574	0.33506	0.14019	0.23200	0.11314
0.30521	0.13644	0.13356	0.10296	0.09514	0.22670
0.31719	0.08955	0.08299	0.18565	0.18774	0.13688
0.08064	0.07552	0.06761	0.63424	0.04937	0.09262
0.07979	0.06833	0.07717	0.32877	0.07069	0.37525
0.04294	0.03859	0.04187	0.04475	0.79070	0.04114
0.88157	0.02683	0.02124	0.02650	0.02329	0.02056
0.07793	0.05587	0.04491	0.05055	0.05417	0.71656
0.10663	0.17689	0.21258	0.25365	0.13226	0.11799
0.09691	0.07742	0.07863	0.07432	0.58849	0.08423
0.06213	0.05880	0.07105	0.06098	0.68880	0.05824
0.05301	0.73722	0.03774	0.06200	0.04856	0.06148
0.05938	0.04619	0.75643	0.05349	0.03439	0.05012
0.47937	0.11089	0.06566	0.09480	0.10738	0.14189
0.13363	0.15515	0.15492	0.30837	0.09480	0.15314
0.09053	0.57703	0.05612	0.09895	0.08838	0.08899
0.32718	0.11249	0.15537	0.14291	0.08716	0.17489
0.46997	0.17725	0.07350	0.12633	0.07547	0.07749
0.12748	0.09387	0.23917	0.14772	0.09507	0.29670
0.44676	0.10415	0.08667	0.08989	0.16424	0.10831
0.04782	0.04504	0.05951	0.73248	0.03946	0.07569
0.18531	0.27843	0.08780	0.09695	0.25477	0.09674
0.15859	0.52672	0.10281	0.07237	0.06945	0.07006
0.14409	0.08725	0.09437	0.09787	0.43565	0.14078
0.05590	0.06465	0.69510	0.08626	0.04416	0.05393
0.14559	0.13225	0.17067	0.29593	0.11198	0.14358
0.05751	0.03962	0.05304	0.77282	0.03181	0.04521
0.52623	0.12764	0.08446	0.09778	0.08198	0.08190
0.10167	0.05151	0.03387	0.04743	0.04771	0.71782
0.06202	0.05352	0.07694	0.66707	0.04575	0.09471
0.06307	0.07186	0.06870	0.07135	0.65380	0.07122
0.14534	0.08989	0.07155	0.07890	0.51190	0.10242
0.13516	0.60677	0.05035	0.05112	0.06730	0.08929
0.19885	0.11339	0.27698	0.13554	0.14183	0.13342
0.07123	0.76977	0.03360	0.03229	0.04733	0.04577
0.14640	0.57206	0.04306	0.04808	0.06543	0.12496
0.11370	0.61601	0.05835	0.05000	0.08160	0.08034
0.10543	0.29209	0.12145	0.08289	0.14336	0.25477
0.12359	0.11729	0.14069	0.45848	0.06446	0.09550
0.25369	0.14211	0.06455	0.08658	0.08548	0.36758
0.16956	0.22401	0.22478	0.15862	0.10873	0.11429
0.75700	0.05862	0.03368	0.04762	0.03772	0.06535
0.78269	0.04815	0.03682	0.04386	0.04015	0.04833
0.09639	0.08981	0.20495	0.10172	0.24098	0.26616
0.11583	0.08340	0.23385	0.18773	0.08075	0.29844
0.08588	0.07366	0.48628	0.21894	0.05471	0.08053
0.07545	0.03848	0.04218	0.76229	0.03088	0.05071
0.16327	0.23084	0.11136	0.30420	0.10205	0.08828
0.13845	0.10296	0.13049	0.27355	0.10683	0.24770
0.15563	0.63851	0.04913	0.04263	0.05788	0.05623
0.21348	0.12465	0.11677	0.17327	0.09976	0.27206
0.10562	0.10928	0.08434	0.24084	0.08791	0.37201
0.19502	0.43833	0.07827	0.08953	0.10529	0.09355
0.22276	0.09756	0.07471	0.08590	0.28032	0.23875
0.16265	0.07583	0.48218	0.13058	0.06938	0.07938
0.04157	0.03495	0.03945	0.03567	0.81231	0.03606
0.33693	0.10886	0.07857	0.09317	0.11731	0.26516
0.07463	0.68090	0.06162	0.04674	0.05857	0.07754
0.22952	0.08024	0.07106	0.44664	0.05977	0.11277
0.10009	0.07490	0.07555	0.08538	0.49848	0.16560
0.10859	0.19686	0.26988	0.18755	0.08010	0.15702
0.04767	0.03564	0.06287	0.78003	0.02749	0.04631
0.05154	0.03892	0.05357	0.77674	0.02921	0.05003
0.12505	0.08955	0.13081	0.18246	0.35404	0.11810
0.52325	0.12711	0.06683	0.11586	0.09162	0.07532
0.42626	0.17911	0.06214	0.10190	0.09151	0.13908
0.19095	0.14939	0.10841	0.11245	0.30900	0.12980
0.24385	0.09964	0.23377	0.16949	0.13890	0.11434
0.27089	0.12221	0.06953	0.08176	0.19847	0.25714
0.04338	0.05024	0.04619	0.04075	0.77848	0.04097
0.31010	0.14981	0.08734	0.09666	0.14710	0.20900
0.15981	0.08132	0.07242	0.07503	0.07262	0.53879
0.06354	0.80369	0.02607	0.02644	0.04188	0.03838
0.11695	0.08560	0.05934	0.08529	0.23067	0.42214
0.54301	0.09397	0.06717	0.09437	0.11539	0.08610
0.02374	0.02100	0.02718	0.02380	0.88295	0.02133
0.77828	0.04740	0.03046	0.04052	0.03634	0.06701
0.16729	0.15206	0.19061	0.30111	0.08287	0.10607
0.11803	0.07582	0.07726	0.08493	0.56640	0.07757
0.09104	0.68259	0.04263	0.05567	0.05915	0.06892
0.04455	0.03284	0.09649	0.75369	0.02750	0.04493
0.04629	0.07543	0.70899	0.08196	0.03826	0.04907
0.04577	0.03836	0.04057	0.03824	0.80096	0.03610
0.10807	0.11046	0.17144	0.11876	0.28947	0.20180
0.10577	0.08584	0.27910	0.10460	0.31505	0.10965
0.06248	0.05288	0.24996	0.51954	0.05302	0.06212
0.73631	0.05953	0.04147	0.07610	0.04410	0.04249
0.03387	0.03275	0.03548	0.03372	0.82489	0.03929
0.07508	0.05937	0.18596	0.56527	0.04812	0.06620
0.05094	0.05441	0.03492	0.04538	0.04859	0.76576
0.22578	0.24472	0.11639	0.09458	0.14571	0.17282
0.20425	0.09591	0.09588	0.10429	0.31582	0.18386
0.21279	0.16484	0.08131	0.12409	0.11714	0.29983
0.33317	0.14617	0.24925	0.09785	0.08757	0.08599
0.07857	0.80210	0.02328	0.02262	0.03860	0.03482
0.12547	0.44207	0.09259	0.10069	0.11116	0.12801
0.03842	0.03027	0.01785	0.02765	0.02955	0.85626
0.17431	0.14757	0.11673	0.15664	0.11041	0.29434
0.27700	0.28061	0.06688	0.10508	0.09056	0.17986
0.20010	0.21804	0.12083	0.17848	0.17878	0.10377
0.07595	0.40310	0.05598	0.05217	0.34795	0.06486
0.06555	0.08713	0.50651	0.22752	0.04767	0.06562
0.06920	0.06726	0.65242	0.09467	0.05031	0.06613
0.13477	0.23482	0.28772	0.09467	0.12733	0.12068
0.13399	0.41562	0.07310	0.08447	0.11029	0.18253
0.16836	0.10927	0.11332	0.09692	0.13251	0.37961
0.07242	0.79178	0.02872	0.02684	0.04184	0.03841
0.15117	0.11287	0.12445	0.11632	0.39122	0.10399
0.15124	0.10992	0.15012	0.16746	0.08991	0.33135
0.08486	0.07528	0.55175	0.10638	0.08030	0.10143
0.14724	0.08815	0.13028	0.30041	0.10251	0.23140
0.02846	0.02075	0.03179	0.87262	0.01885	0.02753
0.17309	0.09348	0.08431	0.07683	0.49594	0.07635
0.06294	0.06107	0.65828	0.08110	0.05396	0.08265
0.08764	0.07737	0.43033	0.16067	0.08118	0.16280
0.07727	0.06383	0.07485	0.61919	0.04747	0.11738
0.09126	0.06477	0.20839	0.49904	0.06162	0.07490
0.15067	0.22448	0.12892	0.16338	0.14187	0.19068
0.11853	0.09518	0.06634	0.44376	0.06740	0.20880
0.15544	0.25871	0.18470	0.21069	0.08307	0.10738
0.10392	0.06576	0.06556	0.61536	0.05630	0.09310
0.05689	0.05064	0.03016	0.04650	0.07078	0.74504
0.09425	0.17765	0.07747	0.06844	0.49879	0.08340
0.03411	0.02550	0.03516	0.85132	0.02120	0.03271
0.03734	0.03073	0.03697	0.03447	0.83015	0.03035
0.16449	0.14127	0.26690	0.22703	0.08196	0.11834
0.18794	0.11089	0.16311	0.13038	0.09698	0.31070
0.12000	0.09046	0.10629	0.11235	0.34757	0.22333
0.18351	0.08514	0.19954	0.33219	0.07529	0.12433
0.11862	0.18962	0.17554	0.13086	0.17957	0.20580
0.11606	0.12602	0.07472	0.09008	0.25235	0.34077
0.03426	0.03118	0.81380	0.06314	0.02501	0.03261
0.04647	0.04645	0.75069	0.06587	0.03363	0.05689
0.11778	0.48054	0.07922	0.07197	0.12872	0.12176
0.08950	0.58057	0.07639	0.08399	0.10237	0.06717
0.24393	0.23304	0.10004	0.15976	0.13162	0.13161
0.09505	0.17432	0.40905	0.12679	0.07957	0.11523
0.13094	0.16835	0.08784	0.10448	0.41996	0.08843
0.27912	0.18588	0.10846	0.14298	0.10769	0.17588
0.17253	0.09965	0.09407	0.18308	0.31115	0.13951
0.04019	0.03962	0.02857	0.03789	0.04291	0.81082
0.09139	0.55074	0.12606	0.06146	0.08534	0.08502
0.03466	0.03070	0.03837	0.03465	0.83010	0.03153
0.10822	0.07695	0.39906	0.28084	0.06015	0.07479
0.09880	0.27371	0.11336	0.32886	0.06951	0.11576
0.05587	0.79503	0.03992	0.02910	0.04092	0.03916
0.06958	0.06031	0.27631	0.47965	0.04408	0.07008
0.07656	0.06276	0.24588	0.45698	0.07729	0.08053
0.03879	0.03586	0.02264	0.03918	0.03374	0.82978
0.28067	0.27250	0.09151	0.10692	0.10458	0.14382
0.41784	0.17215	0.07844	0.09280	0.14447	0.09431
0.42413	0.15703	0.07315	0.09525	0.09273	0.15772
0.24695	0.11557	0.16694	0.26957	0.10115	0.09982
0.06394	0.04912	0.12896	0.64436	0.04818	0.06544
0.12951	0.11568	0.20685	0.12303	0.17546	0.24948
0.06025	0.04644	0.75207	0.06273	0.03833	0.04019
0.05156	0.05430	0.68390	0.08539	0.04262	0.08223
0.05817	0.04955	0.05756	0.05294	0.69552	0.08625
0.02813	0.02957	0.85169	0.03976	0.02225	0.02859
0.16777	0.13282	0.11260	0.29990	0.09546	0.19145
0.10091	0.24058	0.14828	0.31789	0.07903	0.11331
0.10265	0.12470	0.06632	0.27053	0.07292	0.36289
0.04144	0.03694	0.03902	0.03852	0.80855	0.03552
0.04297	0.03865	0.02544	0.04231	0.03816	0.81247
0.12523	0.11123	0.07311	0.08192	0.53170	0.07681
0.83441	0.03933	0.02943	0.04178	0.02724	0.02780
0.12892	0.23187	0.20988	0.15871	0.10963	0.16099
0.43543	0.28781	0.05783	0.06753	0.07650	0.07490
0.09773	0.12869	0.14461	0.09586	0.07716	0.45596
0.19799	0.14910	0.15507	0.11626	0.11337	0.26820
0.01896	0.01575	0.01937	0.91362	0.01209	0.02021
0.19147	0.30276	0.13376	0.10765	0.12106	0.14329
0.20915	0.42687	0.05546	0.06202	0.12096	0.12553
0.04215	0.03462	0.03655	0.82599	0.02292	0.03776
0.23117	0.24562	0.08291	0.19493	0.11805	0.12732
0.18687	0.18472	0.10845	0.19962	0.13681	0.18352
0.13333	0.09132	0.11950	0.14433	0.20357	0.30795
0.09297	0.33625	0.28728	0.12024	0.08090	0.08235
0.16413	0.35442	0.08272	0.11237	0.12138	0.16498
0.12424	0.11837	0.15164	0.10144	0.15634	0.34796
0.10504	0.11006	0.06756	0.08069	0.51764	0.11900
0.12222	0.09764	0.12793	0.43209	0.11829	0.10183
0.10234	0.06192	0.04876	0.07595	0.08880	0.62222
0.13350	0.16467	0.07003	0.08159	0.40295	0.14725
0.10929	0.53790	0.07883	0.06785	0.08059	0.12554
0.02517	0.02715	0.86457	0.03497	0.02101	0.02712
0.09427	0.06573	0.06931	0.63780	0.04991	0.08298
0.15260	0.19952	0.18694	0.22717	0.08415	0.14961
0.02076	0.91633	0.01186	0.01119	0.02092	0.01895
0.38958	0.09797	0.06604	0.08611	0.21822	0.14208
0.11046	0.10293	0.15143	0.12532	0.08050	0.42936
0.67088	0.12830	0.04089	0.04739	0.05303	0.05952
0.07661	0.07736	0.16670	0.51248	0.07391	0.09294
0.12968	0.33672	0.16883	0.14418	0.09677	0.12381
0.14133	0.17110	0.16836	0.17441	0.16985	0.17495
0.44732	0.06741	0.06345	0.29748	0.05738	0.06696
0.17865	0.26354	0.10680	0.12777	0.10271	0.22054
0.24402	0.29247	0.06316	0.07569	0.08628	0.23839
0.10226	0.08845	0.07635	0.08024	0.08253	0.57019
0.09955	0.05719	0.07064	0.07722	0.63289	0.06252
0.05398	0.03912	0.04316	0.04427	0.77873	0.04074
0.15658	0.19071	0.08682	0.37647	0.08753	0.10189
0.05961	0.05497	0.03370	0.05488	0.05231	0.74453
0.05165	0.77777	0.04575	0.03326	0.04778	0.04378
0.05794	0.05717	0.08637	0.69594	0.03875	0.06382
0.14753	0.23537	0.13477	0.26036	0.10096	0.12101
0.54937	0.17940	0.05609	0.06158	0.06993	0.08362
0.06209	0.04580	0.06324	0.71626	0.05487	0.05775
0.26522	0.10547	0.17346	0.10815	0.08647	0.26124
0.21081	0.08774	0.08396	0.12123	0.30400	0.19226
0.10610	0.10496	0.06978	0.54797	0.05830	0.11289
0.14699	0.25034	0.20027	0.20204	0.10432	0.09604
0.05052	0.10391	0.69553	0.05906	0.04010	0.05088
0.24464	0.21178	0.07842	0.08548	0.29693	0.08275
0.06545	0.04313	0.04578	0.04145	0.76616	0.03803
0.15867	0.12002	0.11200	0.10701	0.42169	0.08061
0.33005	0.35644	0.05721	0.06416	0.12220	0.06993
0.02846	0.02290	0.03898	0.85932	0.02030	0.03004
0.07990	0.09773	0.05693	0.08521	0.06901	0.61122
0.11529	0.11348	0.33641	0.27935	0.06386	0.09162
0.09113	0.08592	0.57713	0.08837	0.07780	0.07966
0.10010	0.07244	0.04545	0.07884	0.07036	0.63282
0.12247	0.09800	0.09936	0.13912	0.37468	0.16638
0.18267	0.32961	0.13763	0.09492	0.12827	0.12690
0.14401	0.12293	0.07406	0.29803	0.07936	0.28162
0.31170	0.13821	0.06800	0.17411	0.08305	0.22493
0.07957	0.06043	0.06422	0.10023	0.62256	0.07299
0.18597	0.13157	0.19309	0.11897	0.12399	0.24641
0.14533	0.20425	0.10952	0.08282	0.09867	0.35941
0.16583	0.08494	0.15358	0.10209	0.07919	0.41437
0.11651	0.10075	0.39264	0.15885	0.10997	0.12128
0.03656	0.85567	0.02330	0.01909	0.03384	0.03155
0.17334	0.30642	0.21296	0.12345	0.09188	0.09195
0.09231	0.11081	0.11791	0.50977	0.07835	0.09086
0.16303	0.08708	0.13094	0.09560	0.08381	0.43954
0.08963	0.21703	0.06699	0.09191	0.32149	0.21294
0.28506	0.21096	0.11767	0.16299	0.09271	0.13061
0.19236	0.09043	0.08804	0.11832	0.09211	0.41875
0.11451	0.13657	0.15708	0.13098	0.09899	0.36187
0.29989	0.21914	0.09159	0.12030	0.16250	0.10658
0.53403	0.11754	0.09939	0.08190	0.06622	0.10092
0.12956	0.08459	0.31767	0.28181	0.06980	0.11657
0.10561	0.12662	0.16263	0.13067	0.11403	0.36044
0.13612	0.57822	0.04905	0.06662	0.07988	0.09011
0.05793	0.05234	0.65500	0.13403	0.04427	0.05644
0.11994	0.08493	0.05042	0.06952	0.07679	0.59840
0.24346	0.27191	0.13313	0.12055	0.12548	0.10548
0.08711	0.06835	0.07233	0.10790	0.59398	0.07034
0.31789	0.16179	0.07009	0.08388	0.10206	0.26428
0.10292	0.09956	0.08159	0.54746	0.09016	0.07832
0.45516	0.21061	0.06542	0.07703	0.07970	0.11207
0.07751	0.70382	0.03555	0.03415	0.09902	0.04995
0.15838	0.15784	0.10252	0.24588	0.08850	0.24688
0.14995	0.22374	0.16503	0.18501	0.12323	0.15303
0.34306	0.37773	0.06381	0.06861	0.07389	0.07290
0.05680	0.04680	0.05635	0.07661	0.71785	0.04558
0.17563	0.30528	0.09734	0.11204	0.19858	0.11113
0.21323	0.07017	0.09623	0.44603	0.06366	0.11068
0.13445	0.08983	0.12676	0.30720	0.19072	0.15104
0.23172	0.10188	0.12570	0.17611	0.12890	0.23569
0.30689	0.12999	0.08528	0.12457	0.10076	0.25250
0.35474	0.07304	0.05210	0.07167	0.06281	0.38563
0.02356	0.02123	0.02756	0.02388	0.88325	0.02054
0.07928	0.07800	0.38119	0.29557	0.07211	0.09386
0.06517	0.68596	0.04889	0.05301	0.06200	0.08497
0.69968	0.06518	0.07088	0.05305	0.05127	0.05993
